letters.B = {
    P5: {
        x: 4.140149937060205,
        y: -2.36494873066212
    },
    a1: 2,
    a2: 4,
    a3: 5.198,
    a4: 1.418
    a5: 2.76,
    speed1: 2,
    speed2: 1,
    theta2_phase: 4.4095,
    theta3: 5.0730
};
