var linkageLetters = {
    Q: {
        P1: {
            x: 0,
            y: 0
        },
        P5: {
            x: 1.0188,
            y: -0.7208
        },
        a1: 3.034,
        a2: 5.694,
        a3: 5.528,
        a4: 2.178,
        a5: 4.19,
        speed1: 3,
        speed2: 4,
        theta2_phase: 1.47906,
        theta3: 3.55251
    }
};
